01000000100000000000010100000001
00000000001000000000000000000000
01000000100000000000101000000010
00000000001000000000000000000000
01000000111111111111000100000011
00000000001000000000000000000000
01000000100000000001010000000100
00000000001000000000000000000000
01000000111111111111101100000101
00000000001000000000000000000000
01000000100000000001111000000110
00000000001000000000000000000000
01000000100000000010001100000111
00000000001000000000000000000000
01000000100000000010100000001000
00000000001000000000000000000000
00011000000000001000000010001011
00111111011001010000000110001100
01010100101000000000001000001101
00110110010000000000001010001110
00110000000000000000111110000000
00011000000000001000000010011011
01001000001000001000000010001111
00110110001000000000000100010000
01000000001000000000000000000000
00000000001000000000000000000000
01000000001000000000000000000000
00000000001000000000000000000000
01000000001000000000000000000000
00000000001000000000000000000000
01110100000000010100001000010001
00110110000000000000001100010010
00001111111000001000001000001111
00001111111000001000001010010000
01000000001000000000000000000000
00000000001000000000000000000000
11000010001000111100000100000011
00111011100000010000000100010010
00011010011000001000000010010011
00111011011000010000000110010100
00111011100000100000000110010101
11000010110001000100100100001010
01000000001000000000000000000000
01000000001000000000000000000000
00011000000000001100000100010111
00110110010000000000001000010111
00001000001000011000101110011000
00110110000000000000110000011001
00011000001000001000000010011010
00011000000000010100000100011011
00000000000000000000000000000000
